"DXS1" "DXS2" "DXR" "MCT" "CMK" "MCS" "HDS" "HDR" "IPPI" "AS" "ICS" "TDC" "GPPS" "CPR" "LAMT" "SLS" "STR" "SDG" "T16H1" "T16H2" "16OMT" "T3O" "T3R" "NMT" "D4H" "DAT" "PRX1" "TPT2" "AACT" "HMGS" "HMGR" "MK" "PMK" "DPMDC" "FPPS" "GGPPS" "BAS" "MPK3" "BPF" "GBF1A" "GBF2A" "ORCA1" "ORCA2" "ORCA3" "ORCA4" "ORCA5" "ZCT1" "ZCT2" "ZCT3" "WRKY1" "MYC2" "2D7" "2D173" "HYS" "GS" "TAT" "TEX1" "TEX2" "THAS" "T19H" "MAT" "ORCA6" "10-HG0" "IO" "7-DLGT" "7-DLH" "IRS" "GES" "G10H" "BIS1" "BIS2" "BIS3"
"DXS1" 1 -0.267309102942124 0.0865988823408824 0.442988471498377 0.102057901962589 0.714877367047738 0.160819604983346 0.287049389631558 0.401511010773095 -0.530282873276216 -0.550972424592731 -0.249652343740169 -0.959522969886565 -0.978747468203099 -0.172017051699102 -0.142774678196555 -0.348855475762997 -0.0426750676819511 -0.419294776500295 0.255239553842959 0.667790122890096 0.670470397981355 0.903272829426501 0.917299237395152 0.972016337265335 0.823078732645566 -0.303669147438677 0.423440275899513 -0.813898051814908 0.0333421174124121 0.132760444001687 -0.886093165850836 -0.986485051135291 -0.865724755704797 0.527491959155509 -0.0733942213702289 0.476443653211009 -0.712053801186293 -0.492388834157513 -0.950310680360656 -0.783245449535159 -0.878223584513283 -0.625061456826607 -0.482260354941822 0.0741200866374182 -0.536594585731156 -0.700572001078982 -0.802348245302761 -0.756211365043576 -0.46655275186534 -0.549619221720101 -0.530196101179486 -0.539499179476689 -0.745754271982353 -0.747662618131765 -0.532705830712066 -0.702499062109528 -0.634354011067261 -0.506932455430598 -0.524286831030545 -0.527546599309033 -0.561260226327908 -0.228184906556288 -0.0925980639384137 -0.320644135623397 -0.366385136242539 -0.143695390841811 -0.119343189482172 -0.050722448253492 -0.127964277552417 -0.212502880637629 -0.428212942432309
"DXS2" -0.267309102942124 1 0.826762045138696 0.561084159955411 0.817722758297309 0.455551154281609 0.714707093523692 0.745674696752724 0.015510664453331 -0.0951960991869261 -0.269954125250628 -0.0192926626013711 0.388408083424125 0.161650279316239 -0.155657702061584 -0.196426615209398 -0.0155815982166075 0.0866420155196818 -0.323224938028974 -0.489146554481687 -0.15259371321514 0.0269486632775389 -0.164944189400063 -0.15683461729259 -0.369193274082024 -0.399199338184749 -0.31722025396327 0.133677656399432 0.295197762358911 0.478678832819585 0.855886472693941 0.330078581737704 0.399902024064108 0.495290680708397 0.562290223230981 0.849063096218637 -0.379988500731081 0.0678627929812923 -0.342297795833673 0.0631052840583659 0.676141618778005 -0.00374023823014015 -0.180861005577383 -0.14832828411227 -0.167793361472355 -0.139775589620206 -0.144888907760153 -0.35080725390289 0.0058102154107739 0.0869774452997642 -0.0148932346850123 -0.125550038062161 -0.116127359969067 0.652449281233811 0.253984096484497 -0.129915942564231 -0.328277989371898 0.134449410497481 -0.118737534099623 -0.122973219066652 -0.143748466177698 -0.142105300850866 0.985979964406269 0.978590654987906 0.937741182657642 0.900647733816644 0.98916648841563 0.982168780228365 0.974746104804153 0.987264651320068 0.992814263770157 0.925906412015045
"DXR" 0.0865988823408824 0.826762045138696 1 0.833867713369355 0.996007165390536 0.731499628092196 0.940688467385216 0.969896211067226 0.155839185371018 -0.564102942900627 -0.180152326416121 -0.518841651656511 0.000718400378355101 -0.0948006572909408 -0.603274636060274 -0.639242358831168 -0.513427798953877 -0.383867328067208 -0.143205289339957 -0.177679387663973 -0.0928564524510863 0.066402682928283 0.0219764747383628 0.118860225842549 -0.0922158031960816 -0.172485094784581 -0.0758725192723773 0.578184590234993 0.132465563058157 0.520144746174996 0.777457307613786 -0.0655112059883792 0.0646632509872695 0.0372743793164549 0.516001871765618 0.519982459190654 0.0361556328312805 -0.277064276365592 -0.208511302539444 -0.299300101591147 0.272058659558163 -0.384068501641554 -0.589731451917182 -0.577016907007325 -0.482433497755532 -0.565409312434578 -0.556900015795223 -0.579069708177984 -0.437190357757906 -0.408711742687433 -0.4729920903097 -0.547618353546857 -0.545796966129747 0.232416877292754 -0.247097623472091 -0.558777897231038 -0.34083983901023 -0.330335226197524 -0.566729223974868 -0.544342648508613 -0.571743622625726 -0.569189931284181 0.900937338566897 0.853710755130531 0.627676254714349 0.546985294997139 0.850875143655291 0.912261123266036 0.890597817346661 0.894861762167102 0.851672258299373 0.624908678357695
"MCT" 0.442988471498377 0.561084159955411 0.833867713369355 1 0.872252571344272 0.894469864241963 0.944751487231271 0.937494302804074 0.644327646341595 -0.849699826416228 -0.156916557115001 -0.649361527387244 -0.453302123722742 -0.43315464962535 -0.716770516034364 -0.714485880033985 -0.717261861263822 -0.420316606671583 -0.0755800486752781 0.266481253968719 0.435209491002287 0.544184289679426 0.485106836458968 0.591154530390226 0.339071955937042 0.376143695179676 0.0422138226868736 0.843341195621948 0.00674546007276691 0.774687799300032 0.808988428799221 -0.557125294004227 -0.342076338304617 -0.422336486929278 0.698218333526852 0.398826780742321 0.487320150907958 -0.754984994297739 -0.174749936294802 -0.685397847749336 -0.21506056775854 -0.7830733353683 -0.914653559289193 -0.87309347285803 -0.615472426527449 -0.882449804672207 -0.899277851487821 -0.807080767477265 -0.822882911043393 -0.712733489097868 -0.813613921304356 -0.873940045155398 -0.870648122934242 -0.256106944210383 -0.65552785642854 -0.876350392704562 -0.444673808819455 -0.734214523888332 -0.861396020962706 -0.871266225418929 -0.882255935648992 -0.888327777475009 0.623193934394573 0.605058823533874 0.296093290392502 0.200422924431823 0.595909229648572 0.678592226671242 0.678107036967039 0.662993538795446 0.559883059650725 0.225594476947772
"CMK" 0.102057901962589 0.817722758297309 0.996007165390536 0.872252571344272 1 0.747822473166191 0.966359669082976 0.980654309374239 0.241020173496124 -0.612476567684982 -0.146338415809928 -0.550206077475724 -0.0351224556225566 -0.108065238530935 -0.639148385196041 -0.670105908005187 -0.553988265142831 -0.403268220208915 -0.106953257627753 -0.105119071012312 -0.0256284347901896 0.128583636400824 0.0642897422808664 0.165856612996213 -0.0654894491486625 -0.113852474181866 -0.0336962594283063 0.629579293010414 0.162882358666035 0.592316045606583 0.804794263817998 -0.116671661036656 0.043138774398725 -0.0044470439817199 0.540548217112201 0.518116360516423 0.103936508695859 -0.34443179455588 -0.17727776923785 -0.332328930583031 0.227864586636659 -0.427702037905743 -0.641431358844411 -0.631237889425869 -0.533902228266066 -0.620207706754372 -0.606259168438188 -0.598066823870183 -0.487808981649804 -0.459349986450356 -0.52856862463053 -0.604164731440874 -0.601356681288801 0.184018862167044 -0.296045488691222 -0.613693281164486 -0.330632506427335 -0.388736197873988 -0.618666107375671 -0.601277652484038 -0.625955731843439 -0.622989653712679 0.889535867182965 0.838066267386356 0.600443336015694 0.516462362318216 0.837063608634869 0.903755612572069 0.881419034225116 0.886652809144385 0.834395553203849 0.589915678488158
"MCS" 0.714877367047738 0.455551154281609 0.731499628092196 0.894469864241963 0.747822473166191 1 0.759847194632758 0.860877850037185 0.468526196486672 -0.702870631238785 -0.546196897043751 -0.424432618051771 -0.631285086671412 -0.737873449555266 -0.451432803041219 -0.451425559516188 -0.507511145276296 -0.164165766952718 -0.448857093518935 0.0347239446019872 0.497943349871631 0.618385068872638 0.68620737513107 0.740875069335978 0.603693139166533 0.486761049220543 -0.326814632917432 0.644133878236448 -0.42881986274119 0.475921853301168 0.732308500147029 -0.638785875517499 -0.607511492721742 -0.513932925227936 0.82670526545228 0.444017913613566 0.316441567201502 -0.698636190979028 -0.541436279192222 -0.850353962401316 -0.301412770749002 -0.863308504447961 -0.819907635511518 -0.697264289949281 -0.241895141324396 -0.7320089752725 -0.849569767730342 -0.975541594054134 -0.794308950675037 -0.533047926293886 -0.663145608850191 -0.717418983895281 -0.719244112248974 -0.30092958227818 -0.625072658814681 -0.723128156268857 -0.769674747007463 -0.623995512406684 -0.698802536673521 -0.711215314592247 -0.728201179137516 -0.751910696599247 0.504716072362077 0.58321778581763 0.297792806744745 0.215849309578608 0.549197634583043 0.593910683047442 0.634827905973775 0.583165507401753 0.49427811163143 0.201299128370128
"HDS" 0.160819604983346 0.714707093523692 0.940688467385216 0.944751487231271 0.966359669082976 0.759847194632758 1 0.967838127961927 0.464254888831344 -0.761294903969583 -0.00823336276738547 -0.67301388143576 -0.161297600847755 -0.144395242946061 -0.761733446444958 -0.777138645501113 -0.697507140182072 -0.50677050548201 0.0456610435859918 0.143602370193667 0.144185967290942 0.270077633437322 0.173338162445822 0.295165002562629 0.0235640648507185 0.0620475869252476 0.136066670365421 0.78511081732252 0.235772128600252 0.751692004588628 0.802956361021658 -0.282660104417809 -0.0397336561653975 -0.164389767354484 0.540971539627516 0.421880517537677 0.334640134258195 -0.53579574658462 -0.0385313898935862 -0.425600307001 0.0508688814974686 -0.548689096490828 -0.783323725067893 -0.789408239149205 -0.692459120149774 -0.778194018825154 -0.742063165238929 -0.616577324339433 -0.638791914088016 -0.632245291236961 -0.70034369641549 -0.767661045516579 -0.763345771660571 -0.00539015946234569 -0.46655552048699 -0.77316433980255 -0.255468026259445 -0.576188978319611 -0.773960002413388 -0.766132693551441 -0.782683442739883 -0.777405349179467 0.788765089701004 0.717563303779177 0.441941716807835 0.349201117168066 0.721179647983402 0.808410122456474 0.780843666641324 0.789767678262123 0.711356350619753 0.416662733371749
"HDR" 0.287049389631558 0.745674696752724 0.969896211067226 0.937494302804074 0.980654309374239 0.860877850037185 0.967838127961927 1 0.349655371951696 -0.695130708445594 -0.243326582994182 -0.566665711770997 -0.221957085699822 -0.294040462427273 -0.642902725342949 -0.664727883062324 -0.595398963577176 -0.377753979636186 -0.18312263817511 -0.0340024697266554 0.141744084523016 0.290666149040814 0.255703285843811 0.353430661554276 0.129804165674324 0.0721609902884437 -0.0896042677886301 0.69309583715914 0.0183172376830016 0.615267673331917 0.82694559511359 -0.293327039161927 -0.14782512682777 -0.171266191974676 0.647667099168488 0.50894261644302 0.204385813662927 -0.490390414131946 -0.265674494131648 -0.508618757453688 0.0659701146357924 -0.590585721038125 -0.748347347176498 -0.709233744058892 -0.507543464399701 -0.71013473580936 -0.728249382663902 -0.738100289430023 -0.623264914568909 -0.532932553461189 -0.622104948473452 -0.694401438629919 -0.69255831840495 0.0300424200989942 -0.43072962362342 -0.702862443822561 -0.458096828313841 -0.504774076296246 -0.699602999234065 -0.690640016306416 -0.713402370370716 -0.717262822175447 0.816117618905158 0.794434055604922 0.524068575491587 0.434559996272654 0.784871601792637 0.852586479421977 0.845561979840384 0.835917986861512 0.76665799708964 0.487315886809545
"IPPI" 0.401511010773095 0.015510664453331 0.155839185371018 0.644327646341595 0.241020173496124 0.468526196486672 0.464254888831344 0.349655371951696 1 -0.696167291961864 0.157873503615511 -0.433959903943823 -0.58042345648849 -0.385827606237549 -0.482137591258542 -0.430178106328982 -0.554328213068507 -0.232733486681137 0.2149158977187 0.74701411231232 0.846249968022582 0.828002125498356 0.65939830594345 0.720185643034689 0.484451764606432 0.764417633424602 0.312833729890975 0.704502615068846 0.14217218332027 0.849816465714424 0.47679795592548 -0.731008920741201 -0.433348199644157 -0.60122020845627 0.498399199552901 0.0991704428773357 0.785922619068458 -0.898838156050676 0.136311519720725 -0.609916831741534 -0.565496080267362 -0.714650524512769 -0.767381135745276 -0.750833568861573 -0.569459759816384 -0.769298668857727 -0.756530826131686 -0.49519269513783 -0.75759875934338 -0.669521498318424 -0.759217019485919 -0.782601458716663 -0.773672611897303 -0.604820780764362 -0.694708312172539 -0.767825880619569 -0.145517389711697 -0.782455880108686 -0.729626401416438 -0.78449032659618 -0.761807820061187 -0.766099616486262 0.00590168612912348 -0.00658318737110178 -0.209513486135542 -0.266301156831496 -0.000247246885798548 0.0651373097670642 0.0737983869383018 0.065084793744973 -0.0537829113792484 -0.319695438055418
"AS" -0.530282873276216 -0.0951960991869261 -0.564102942900627 -0.849699826416228 -0.612476567684982 -0.702870631238785 -0.761294903969583 -0.695130708445594 -0.696167291961864 1 -0.178592902323707 0.905396397852494 0.63995323631136 0.420977706161119 0.907713702744361 0.888301245946043 0.957057468723216 0.744965798227804 -0.30551073217609 -0.658959893294732 -0.426978997396546 -0.443057177644045 -0.477211991006139 -0.633613591378316 -0.440163720168056 -0.525255123157264 -0.433715288724797 -0.992285022350644 -0.0159280595198642 -0.653116140177414 -0.39227439284284 0.755857645538744 0.482779494262345 0.724838050572318 -0.322942261313659 0.139131431572892 -0.836798251838354 0.870865329450557 -0.200602953136674 0.719710588500477 0.584315990090175 0.827390398221762 0.972070573038729 0.99412790029826 0.797161139533224 0.992135834198225 0.952722797654158 0.611460508092261 0.945517879495496 0.973793874061093 0.992765024413125 0.99062882259743 0.992654792048327 0.638043290243063 0.918156985799513 0.993201535649728 0.128685863303323 0.961510217137953 0.998252560883356 0.990446829080266 0.993435738282949 0.990833515848905 -0.204130342141938 -0.127498597973015 0.228159661285683 0.325737351331341 -0.120296462149349 -0.245444963910612 -0.221750753853061 -0.216652639981565 -0.0952343949283398 0.268096528231943
"ICS" -0.550972424592731 -0.269954125250628 -0.180152326416121 -0.156916557115001 -0.146338415809928 -0.546196897043751 -0.00823336276738547 -0.243326582994182 0.157873503615511 -0.178592902323707 1 -0.467973097479339 0.317508172617585 0.687728337556397 -0.475104872785888 -0.46292912727117 -0.403238851409809 -0.639419145938687 0.987012804653841 0.621626221430245 -0.282179280183836 -0.393742815112504 -0.528359238124198 -0.416917975987334 -0.517462982577953 -0.227900929943372 0.957642688040287 0.275036457305839 0.800835422444434 0.241876095892204 -0.373012359527095 0.161728607240096 0.482824754050835 0.0619134587130389 -0.704786570373079 -0.588407146812807 0.433298754128541 0.0214834884341826 0.994867148891458 0.45633819827983 -0.0393316942706106 0.318069692123723 0.0100930276669629 -0.199731636496821 -0.67698439867096 -0.140106931235807 0.0932243458341447 0.654307491589569 0.0647856478392231 -0.353345020807977 -0.207935571001673 -0.157044242018432 -0.153223253051036 -0.11565653173104 -0.0844387990275599 -0.152140465900754 0.944275128867477 -0.182401586660254 -0.191833555939592 -0.165838492358427 -0.148800095151353 -0.107689049204803 -0.218178416188013 -0.439843256248835 -0.448110833386925 -0.45327368626745 -0.391201459895411 -0.307475775360627 -0.403619885085865 -0.324344397230863 -0.335901946909259 -0.352503473806437
"TDC" -0.249652343740169 -0.0192926626013711 -0.518841651656511 -0.649361527387244 -0.550206077475724 -0.424432618051771 -0.67301388143576 -0.566665711770997 -0.433959903943823 0.905396397852494 -0.467973097479339 1 0.377812000270503 0.08836237604921 0.9867464456052 0.982073585759416 0.98817619902541 0.956558721592317 -0.583063957034454 -0.643903648680318 -0.0451131691452497 -0.0348944259449692 -0.0946912359547947 -0.283353572020203 -0.125253539996677 -0.204574378077494 -0.67821527904319 -0.925776355863421 -0.229693948984346 -0.477656734059724 -0.132640259171586 0.500000954343304 0.205000766482304 0.549107977811637 0.0668530108111891 0.385136358487929 -0.766563027930592 0.610767119560281 -0.499091981334729 0.412175148618493 0.437579594020984 0.537780842553313 0.783285665634661 0.884296056619566 0.894565669256389 0.854725044289196 0.737922733618946 0.274048903398369 0.737606378052378 0.94326546515194 0.881021671560891 0.853202328651486 0.857720167317618 0.507808841016284 0.779701804975766 0.860438284439881 -0.225196123270923 0.826794047738869 0.894585523869392 0.855143467870892 0.862122840387601 0.843778122726232 -0.162809701975932 -0.00780368483977595 0.313831032129215 0.402804152209935 -0.0134280364839729 -0.155738542336806 -0.093551657910117 -0.117799446698851 -0.0251780534732777 0.282767330530177
"GPPS" -0.959522969886565 0.388408083424125 0.000718400378355101 -0.453302123722742 -0.0351224556225566 -0.631285086671412 -0.161297600847755 -0.221957085699822 -0.58042345648849 0.63995323631136 0.317508172617585 0.377812000270503 1 0.906512125018813 0.300969625503953 0.258131538204416 0.484021984890762 0.182212518743817 0.180097838714233 -0.514529926415473 -0.756434765328076 -0.721345956967135 -0.909005729968829 -0.948263636683356 -0.963764188043837 -0.91983358555353 0.0586198515451285 -0.551151195543347 0.652856364070168 -0.172423963728335 -0.0711380117469927 0.97498261278998 0.975988492863417 0.963181931085846 -0.427869818949806 0.221085570860845 -0.690915305289824 0.835782118003382 0.259908748460639 0.943710976747181 0.912306083879758 0.908173380726027 0.706249048743136 0.602564482808358 0.113885812715974 0.649263887957592 0.766878485078832 0.713527791908457 0.838681292059435 0.618853545039589 0.682044814063039 0.649576632237403 0.657074296408103 0.892804469315117 0.865756982477621 0.648069676026898 0.517028421643437 0.777377328418146 0.623691976343275 0.645900916144546 0.640239356899999 0.666940273404939 0.344760475502665 0.250741724097653 0.498532906438536 0.548717271917391 0.291618961949692 0.24422354330032 0.191237907090431 0.255219638337848 0.358421728011448 0.604734286812649
"CPR" -0.978747468203099 0.161650279316239 -0.0948006572909408 -0.43315464962535 -0.108065238530935 -0.737873449555266 -0.144395242946061 -0.294040462427273 -0.385827606237549 0.420977706161119 0.687728337556397 0.08836237604921 0.906512125018813 1 0.0290491928741555 0.0017442550956033 0.199515230857295 -0.141142290147708 0.576875865993695 -0.119658571900873 -0.710510480066833 -0.735700682057198 -0.934193691400519 -0.91595210210268 -0.966226016046604 -0.806991333860751 0.469618146640868 -0.311036149768323 0.847746810321016 -0.0421971810682338 -0.23847481226452 0.821091491776724 0.959335479072529 0.763934375897022 -0.653678840065171 -0.105301152719267 -0.340384475473256 0.658563288164609 0.642701699506201 0.930440138955993 0.676741505538838 0.844376535047929 0.55720101283853 0.384392663008197 -0.202554771425667 0.446552111632164 0.639660735832489 0.847081528405132 0.679639147728873 0.324326661203901 0.439554738752223 0.439204002015178 0.446396952038204 0.628917856799836 0.629737396090481 0.44014589949097 0.820268266270566 0.521616323120462 0.403380972209623 0.432478549637369 0.435790614879684 0.474422531194026 0.151277564856493 -0.0183519115246554 0.170925207258395 0.208374567622608 0.0342295304374274 0.034231895211997 -0.0487746134607919 0.0351554649635932 0.110336705420817 0.295852369308591
"LAMT" -0.172017051699102 -0.155657702061584 -0.603274636060274 -0.716770516034364 -0.639148385196041 -0.451432803041219 -0.761733446444958 -0.642902725342949 -0.482137591258542 0.907713702744361 -0.475104872785888 0.9867464456052 0.300969625503953 0.0290491928741555 1 0.997598997458347 0.978650039832822 0.929500256908802 -0.575229094590762 -0.613469306005715 -0.0541531965270835 -0.0632026248106943 -0.0656559501575969 -0.252853784528777 -0.0501717030587437 -0.160050446147288 -0.667981469009638 -0.940529535519452 -0.329180292504094 -0.591395904735581 -0.260913663054914 0.44477548413019 0.11762037923056 0.46248263225652 -0.00738188479994677 0.2580253152858 -0.731327934438763 0.610267304505421 -0.490343323433737 0.375116107383704 0.336998502536361 0.518863156502253 0.799537843506747 0.902170450238203 0.939046250564433 0.870356566970079 0.745056398072443 0.290426256831437 0.723263755967599 0.925394225692576 0.879328596084589 0.868949655384564 0.870691956896308 0.413801503261232 0.729915560690759 0.874871724870189 -0.217827940887652 0.805651888938887 0.904857496993576 0.871135936486168 0.877923542902935 0.857949189302032 -0.288444918087976 -0.127048875732647 0.189166656255482 0.280978611317934 -0.138084176654826 -0.278549423289314 -0.213484930110477 -0.243239785271878 -0.150008185796181 0.162775642324011
"SLS" -0.142774678196555 -0.196426615209398 -0.639242358831168 -0.714485880033985 -0.670105908005187 -0.451425559516188 -0.777138645501113 -0.664727883062324 -0.430178106328982 0.888301245946043 -0.46292912727117 0.982073585759416 0.258131538204416 0.0017442550956033 0.997598997458347 1 0.966218805483626 0.931698872128438 -0.559930963418344 -0.560434102231505 0.0030095504017727 -0.0144717758119772 -0.0211163347427443 -0.20888011585049 -0.00879926921951304 -0.101348638268379 -0.649032289536217 -0.922451720506475 -0.336094546450343 -0.56847076806497 -0.269922209003982 0.39742731566751 0.0798759112037006 0.417349506110959 0.00077893058274895 0.237038305924913 -0.683407574717769 0.56543547859198 -0.477253609562221 0.344742478799804 0.284031532720999 0.487276312179823 0.776827372055931 0.881030581878723 0.929312375393899 0.847171703246973 0.720689124840387 0.281335625787573 0.692621321088084 0.900727127860654 0.852135302311517 0.844295356359976 0.846313949180358 0.360791575029645 0.693710996530654 0.851481349675168 -0.216766627305092 0.769760848120302 0.884067612155064 0.846286831212383 0.855514246995003 0.834872103201677 -0.332341020382832 -0.168362737944531 0.144093196337908 0.235872353396371 -0.179474859866215 -0.31862182798903 -0.251505175806887 -0.282708630098565 -0.195027985032391 0.110836534509356
"STR" -0.348855475762997 -0.0155815982166075 -0.513427798953877 -0.717261861263822 -0.553988265142831 -0.507511145276296 -0.697507140182072 -0.595398963577176 -0.554328213068507 0.957057468723216 -0.403238851409809 0.98817619902541 0.484021984890762 0.199515230857295 0.978650039832822 0.966218805483626 1 0.905865256865827 -0.524574615442857 -0.695230623379631 -0.196187673452521 -0.187511245334678 -0.234704676525464 -0.416078488071597 -0.242119600027963 -0.339028558743622 -0.632660648370819 -0.969502022559146 -0.172940825557121 -0.555229762564912 -0.205345770977607 0.610485501554543 0.309054997853262 0.634690076718684 -0.0501907776025761 0.331475266601137 -0.830275936759607 0.724504013827128 -0.432098574267939 0.523602557514755 0.519299650576611 0.647554135749657 0.86285828998236 0.942066434453663 0.88767347573212 0.921259215449876 0.824994410780099 0.378262818603308 0.826578429379464 0.980736344770205 0.943013159397444 0.920877370464853 0.924400828320717 0.586136422480047 0.852507435081239 0.925853198508252 -0.130478560869863 0.900317125602345 0.950108798547128 0.922418895075368 0.926459707697173 0.912692869279419 -0.148184087429102 -0.01475592243225 0.322577308933147 0.415104682071696 -0.0171181276449716 -0.157236965827965 -0.106431401478822 -0.121999607525185 -0.0160098440760345 0.316369551530441
"SDG" -0.0426750676819511 0.0866420155196818 -0.383867328067208 -0.420316606671583 -0.403268220208915 -0.164165766952718 -0.50677050548201 -0.377753979636186 -0.232733486681137 0.744965798227804 -0.639419145938687 0.956558721592317 0.182212518743817 -0.141142290147708 0.929500256908802 0.931698872128438 0.905865256865827 1 -0.735806860910779 -0.608002869084042 0.191789975808457 0.229600821169794 0.158308496913356 -0.0314873015700169 0.0811201021099603 0.000964079376488649 -0.798523101633257 -0.781883212111547 -0.349399535490328 -0.304493895412296 0.0934225880657 0.297492416206941 0.0141432563105595 0.4003827393586 0.346776046165655 0.550527643428504 -0.670237737845093 0.386181946082666 -0.675453650378786 0.16433144571161 0.3321027579138 0.28839540375476 0.569366959896546 0.715710559839466 0.867124555802736 0.6711444044779 0.512107660764251 -0.00305785776912013 0.524228035728966 0.832385775008177 0.718326700170548 0.671179975189037 0.676925034088825 0.405921762924723 0.620601352201995 0.679914851449887 -0.464119795923666 0.662841691527363 0.729503134770231 0.674645610353504 0.681467773857743 0.654285199727542 -0.0632575915238165 0.128957103037057 0.39068726278016 0.462474243280516 0.114821851212582 -0.0246874206489085 0.0567094658956714 0.0151418288497347 0.0804321612003894 0.316531252521136
"T16H1" -0.419294776500295 -0.323224938028974 -0.143205289339957 -0.0755800486752781 -0.106953257627753 -0.448857093518935 0.0456610435859918 -0.18312263817511 0.2149158977187 -0.30551073217609 0.987012804653841 -0.583063957034454 0.180097838714233 0.576875865993695 -0.575229094590762 -0.559930963418344 -0.524574615442857 -0.735806860910779 1 0.703913561008136 -0.225513389685937 -0.341656884252736 -0.433947944913223 -0.303957577233033 -0.401643414753258 -0.128946070535245 0.9900231137267 0.390780269406074 0.720706436421403 0.255249702902804 -0.380850533769737 0.0264235648676223 0.354928416421048 -0.0842549913690301 -0.681841692513157 -0.659721945219089 0.548973014862873 -0.0936652984699827 0.994089388906884 0.325439224146964 -0.170518482697314 0.187536004772316 -0.110762967732277 -0.316067210179305 -0.737011036664099 -0.259189844041676 -0.0327685299171022 0.560608826684257 -0.0711176553814542 -0.482258406769849 -0.334543737994855 -0.27518202775301 -0.27338052083752 -0.247902591992116 -0.231751013094217 -0.271653731067082 0.900712108546635 -0.316001665549556 -0.313388674690792 -0.283511383855591 -0.26775299162264 -0.228483761332015 -0.251869054442432 -0.473386884652127 -0.532438140734494 -0.549040956234708 -0.430387821669688 -0.331416050025751 -0.426223599720104 -0.353219096994957 -0.380036141583448 -0.442009284674067
"T16H2" 0.255239553842959 -0.489146554481687 -0.177679387663973 0.266481253968719 -0.105119071012312 0.0347239446019872 0.143602370193667 -0.0340024697266554 0.74701411231232 -0.658959893294732 0.621626221430245 -0.643903648680318 -0.514529926415473 -0.119658571900873 -0.613469306005715 -0.560434102231505 -0.695230623379631 -0.608002869084042 0.703913561008136 1 0.498063623260052 0.375704869217522 0.332468615475352 0.446269283482033 0.325849096418393 0.610663743902938 0.775511321059443 0.681092191806318 0.253090987488217 0.496817867424343 -0.154185667904589 -0.656519189249866 -0.338998213514447 -0.691071637588118 -0.165114548989107 -0.572207538635701 0.953122373249849 -0.714815911430044 0.645931528583441 -0.362229120377921 -0.747590933535596 -0.469015589758078 -0.578481983077466 -0.66979696781706 -0.695923135666588 -0.659380588939191 -0.551285846887942 -0.0248354871408243 -0.624105521465915 -0.781277009183397 -0.732965495890869 -0.67791930781571 -0.676631632386297 -0.801347569068596 -0.746416009533654 -0.66767601662268 0.386968016112879 -0.788793880795746 -0.670029503310417 -0.68321327212608 -0.657673132170164 -0.644179138575974 -0.436978086883262 -0.545970348334044 -0.734451764078793 -0.776880197467099 -0.530982594771065 -0.428032667490908 -0.463833466218165 -0.44489107010797 -0.545226030088429 -0.759133214658155
"16OMT" 0.667790122890096 -0.15259371321514 -0.0928564524510863 0.435209491002287 -0.0256284347901896 0.497943349871631 0.144185967290942 0.141744084523016 0.846249968022582 -0.426978997396546 -0.282179280183836 -0.0451131691452497 -0.756434765328076 -0.710510480066833 -0.0541531965270835 0.0030095504017727 -0.196187673452521 0.191789975808457 -0.225513389685937 0.498063623260052 1 0.981295803764586 0.914342996832565 0.890600362410114 0.787099743577236 0.935533004690609 -0.134090842446859 0.379236839128307 -0.327771094737972 0.522326221207624 0.371732301492266 -0.800991527159308 -0.715463578768484 -0.666133936627549 0.654722666813707 0.183421374840653 0.565223670205405 -0.814219320829162 -0.286754595574984 -0.748086669763623 -0.657810749016982 -0.751470113616876 -0.577259479134912 -0.461248533340407 -0.0674242400497104 -0.513091591536345 -0.620559391388871 -0.62767725272342 -0.651759137923413 -0.369444835067174 -0.504145955548166 -0.52332504244561 -0.517902223671135 -0.644794922373741 -0.586871420479181 -0.508176169083808 -0.500440877703944 -0.59005497621725 -0.449966445520709 -0.52179168633016 -0.499426399453152 -0.525194184782414 -0.206441272284494 -0.0933146317798409 -0.222558028788174 -0.25047457861513 -0.111947229366045 -0.106555524876287 -0.0431805818871969 -0.0939247142236889 -0.192296414338965 -0.375886938317464
"T3O" 0.670470397981355 0.0269486632775389 0.066402682928283 0.544184289679426 0.128583636400824 0.618385068872638 0.270077633437322 0.290666149040814 0.828002125498356 -0.443057177644045 -0.393742815112504 -0.0348944259449692 -0.721345956967135 -0.735700682057198 -0.0632026248106943 -0.0144717758119772 -0.187511245334678 0.229600821169794 -0.341656884252736 0.375704869217522 0.981295803764586 1 0.919897791639607 0.893516696174685 0.764762269733112 0.881108465277773 -0.245797256626224 0.39398171933392 -0.342221898364965 0.574941881553958 0.530458905956627 -0.763128694051053 -0.689432910199505 -0.598839410384479 0.787017746709248 0.349243343062739 0.478851189746731 -0.806090139093662 -0.407676936596421 -0.776006486463076 -0.550718809022342 -0.780561246044291 -0.616339389093091 -0.481946947429671 -0.0566025810068657 -0.535870890096664 -0.659458019122678 -0.734636664131968 -0.664616652162064 -0.344524260287531 -0.502901725837128 -0.542122855115148 -0.535896188928103 -0.536730649810556 -0.551433317514973 -0.528654643303122 -0.618146037741812 -0.56500577029506 -0.467510876374693 -0.539488803421574 -0.522548957606818 -0.550685288614901 -0.0280915631054102 0.0968884681354971 -0.0447111378232857 -0.0798474065912505 0.0759836568231845 0.0769037473080887 0.144610953459963 0.0903883754403358 -0.00668205081786064 -0.204113617386608
"T3R" 0.903272829426501 -0.164944189400063 0.0219764747383628 0.485106836458968 0.0642897422808664 0.68620737513107 0.173338162445822 0.255703285843811 0.65939830594345 -0.477211991006139 -0.528359238124198 -0.0946912359547947 -0.909005729968829 -0.934193691400519 -0.0656559501575969 -0.0211163347427443 -0.234704676525464 0.158308496913356 -0.433947944913223 0.332468615475352 0.914342996832565 0.919897791639607 1 0.981532071937733 0.95351388816939 0.939132302956079 -0.324115193672441 0.390640302920664 -0.645548813227304 0.301371061031617 0.331866531359606 -0.885530131438262 -0.914777974960713 -0.784672943479269 0.707619853606119 0.14912511555186 0.496040067260558 -0.802704744654419 -0.504568874063795 -0.920704711716328 -0.72732342432135 -0.876090634384197 -0.62926556737491 -0.473439045341286 0.0621497465867535 -0.534668649182055 -0.697328775865299 -0.81089129377408 -0.735346007146347 -0.392635719490143 -0.526102361644283 -0.535552364387043 -0.536973550877697 -0.694924633975787 -0.673599166217055 -0.528581772942886 -0.720359115230861 -0.614836452948009 -0.478672817746987 -0.530951924325015 -0.521749272736732 -0.556548466597922 -0.183347590286359 -0.0321290758198709 -0.213061192909696 -0.250717841907467 -0.0715261363700212 -0.0658204997979378 0.0125139291039899 -0.0607210556410127 -0.155600286961202 -0.36177250683901
"NMT" 0.917299237395152 -0.15683461729259 0.118860225842549 0.591154530390226 0.165856612996213 0.740875069335978 0.295165002562629 0.353430661554276 0.720185643034689 -0.633613591378316 -0.416917975987334 -0.283353572020203 -0.948263636683356 -0.91595210210268 -0.252853784528777 -0.20888011585049 -0.416078488071597 -0.0314873015700169 -0.303957577233033 0.446269283482033 0.890600362410114 0.893516696174685 0.981532071937733 1 0.942412723663356 0.944986805772618 -0.179942704097382 0.5543153324862 -0.576172609812486 0.383047116290865 0.344147713220375 -0.949528030555012 -0.920262799617015 -0.86183941333766 0.667691713686316 0.0683676186743753 0.626654179187472 -0.891250650171543 -0.388075323500349 -0.965464157766774 -0.785750824387723 -0.946865411924633 -0.756473675883037 -0.626087034573342 -0.112900355815484 -0.679347103374723 -0.813220206220372 -0.832287921717142 -0.850001281105439 -0.559896732207408 -0.676362557625741 -0.679993587041443 -0.682201751401797 -0.768141201115204 -0.799001686395463 -0.67460607117898 -0.648742339931997 -0.751663270539827 -0.633047889386622 -0.675959512675594 -0.668309928894978 -0.698252890174875 -0.147163083213521 -0.0315305708162753 -0.267364593199128 -0.320647218157854 -0.0682873274911799 -0.0353877417161073 0.0280368295968277 -0.0377334366843162 -0.147021330380865 -0.404697243125447
"D4H" 0.972016337265335 -0.369193274082024 -0.0922158031960816 0.339071955937042 -0.0654894491486625 0.603693139166533 0.0235640648507185 0.129804165674324 0.484451764606432 -0.440163720168056 -0.517462982577953 -0.125253539996677 -0.963764188043837 -0.966226016046604 -0.0501717030587437 -0.00879926921951304 -0.242119600027963 0.0811201021099603 -0.401643414753258 0.325849096418393 0.787099743577236 0.764762269733112 0.95351388816939 0.942412723663356 1 0.912124784677499 -0.295763822355259 0.336779913981834 -0.785555654745344 0.0542475514570757 0.0836024948519562 -0.898184738073837 -0.991610682807743 -0.865108358313478 0.518801781357315 -0.0823958179822931 0.496563377606164 -0.721491583126543 -0.465610531493068 -0.913573175442072 -0.827263241247958 -0.838072590394286 -0.552116643312886 -0.405214093576526 0.138301227877136 -0.464624331678267 -0.631060175004716 -0.729491638012636 -0.700765155483859 -0.393396034182119 -0.485340173295546 -0.463681715896372 -0.470601808059954 -0.785387792278197 -0.703974839376323 -0.461006977468552 -0.663672819562637 -0.595723722398482 -0.424976692390428 -0.458705467720141 -0.453038282570568 -0.48796292442046 -0.360852642901527 -0.211247254573112 -0.393391948886296 -0.424974894805711 -0.258440199863091 -0.248708958240605 -0.172483091051276 -0.250070250354526 -0.334152129906876 -0.517318997043235
"DAT" 0.823078732645566 -0.399199338184749 -0.172485094784581 0.376143695179676 -0.113852474181866 0.486761049220543 0.0620475869252476 0.0721609902884437 0.764417633424602 -0.525255123157264 -0.227900929943372 -0.204574378077494 -0.91983358555353 -0.806991333860751 -0.160050446147288 -0.101348638268379 -0.339028558743622 0.000964079376488649 -0.128946070535245 0.610663743902938 0.935533004690609 0.881108465277773 0.939132302956079 0.944986805772618 0.912124784677499 1 -0.0240524731073217 0.457763409680086 -0.479774769584474 0.338057017932713 0.128226142514328 -0.93533685080509 -0.879247902946777 -0.874237117540631 0.475318252617962 -0.118061009251113 0.703780771762571 -0.856201140915006 -0.197085420267091 -0.84252197477569 -0.875616835990829 -0.826696122315204 -0.625389017402994 -0.524224584106178 -0.0960090184531745 -0.574058983782843 -0.678506288809131 -0.609473228912444 -0.748741458152973 -0.512620830205672 -0.601697157670311 -0.582990863538878 -0.583935037815459 -0.859611145979849 -0.75955192694107 -0.572367866394964 -0.439660620520692 -0.712655985713231 -0.529834641473045 -0.58121580561269 -0.561788755475621 -0.58720455217053 -0.409430210537209 -0.30939083136845 -0.487729174022492 -0.521286444458641 -0.337312403837438 -0.309515768526871 -0.251716870176501 -0.307873719955359 -0.412514495713757 -0.620203546844522
"PRX1" -0.303669147438677 -0.31722025396327 -0.0758725192723773 0.0422138226868736 -0.0336962594283063 -0.326814632917432 0.136066670365421 -0.0896042677886301 0.312833729890975 -0.433715288724797 0.957642688040287 -0.67821527904319 0.0586198515451285 0.469618146640868 -0.667981469009638 -0.649032289536217 -0.632660648370819 -0.798523101633257 0.9900231137267 0.775511321059443 -0.134090842446859 -0.245797256626224 -0.324115193672441 -0.179942704097382 -0.295763822355259 -0.0240524731073217 1 0.511329389852265 0.669330430676686 0.328983277956055 -0.318458705343177 -0.101811961169507 0.245941092207967 -0.203780181742603 -0.60077394030929 -0.659204752507746 0.653196205431579 -0.225106035341155 0.969134747335805 0.192149895801294 -0.269282345610928 0.0485161589215856 -0.246320475767463 -0.442003362692054 -0.804486753333399 -0.389075873905158 -0.171581456032997 0.440748599019228 -0.210759003483264 -0.600068203586549 -0.463039592414586 -0.404408523572567 -0.40315443843015 -0.349058221393322 -0.363271996565374 -0.40113739825647 0.831012472772556 -0.445934107529695 -0.440630987881412 -0.412268390540451 -0.397040860702185 -0.360082406061095 -0.234906202890131 -0.452701962301402 -0.559757315667796 -0.588774857791041 -0.41374569758954 -0.302468750472514 -0.394077287962599 -0.327052589380485 -0.371090700958468 -0.482106855636883
"TPT2" 0.423440275899513 0.133677656399432 0.578184590234993 0.843341195621948 0.629579293010414 0.644133878236448 0.78511081732252 0.69309583715914 0.704502615068846 -0.992285022350644 0.275036457305839 -0.925776355863421 -0.551151195543347 -0.311036149768323 -0.940529535519452 -0.922451720506475 -0.969502022559146 -0.781883212111547 0.390780269406074 0.681092191806318 0.379236839128307 0.39398171933392 0.390640302920664 0.5543153324862 0.336779913981834 0.457763409680086 0.511329389852265 1 0.139689396137531 0.705636679282608 0.402758836852716 -0.68819391415323 -0.377616323846963 -0.655115347014855 0.274615846066179 -0.136197946330321 0.835364628732421 -0.838524648087926 0.289106837590163 -0.635111483127548 -0.520008393918336 -0.761685391944583 -0.951135709133734 -0.994824648457556 -0.864073374346085 -0.985448587388646 -0.919610756708761 -0.537172336583563 -0.904798528578942 -0.974355924164048 -0.984558947097425 -0.985364428559597 -0.985855510876727 -0.582986998092564 -0.87664863888983 -0.987140828805186 -0.0345374367955664 -0.941077486426713 -0.994934771842324 -0.986124763484509 -0.987852469624391 -0.980331474986788 0.241642274166871 0.141121282679894 -0.204375273371962 -0.301529217120886 0.141264080688067 0.270969900735672 0.236433320335388 0.24208143231508 0.123254435890554 -0.234154225811519
"AACT" -0.813898051814908 0.295197762358911 0.132465563058157 0.00674546007276691 0.162882358666035 -0.42881986274119 0.235772128600252 0.0183172376830016 0.14217218332027 -0.0159280595198642 0.800835422444434 -0.229693948984346 0.652856364070168 0.847746810321016 -0.329180292504094 -0.336094546450343 -0.172940825557121 -0.349399535490328 0.720706436421403 0.253090987488217 -0.327771094737972 -0.342221898364965 -0.645548813227304 -0.576172609812486 -0.785555654745344 -0.479774769584474 0.669330430676686 0.139689396137531 1 0.481337698471044 0.105396140757692 0.471364001076686 0.798863284606778 0.490970667886037 -0.366527905781589 0.00154537681907596 0.071406907723257 0.179035134693933 0.738621309169307 0.620463989417322 0.452282299880377 0.459449264646939 0.0916184682189602 -0.0844831603444634 -0.601719904250952 -0.0255731724868685 0.19071118947733 0.556218290170705 0.249294985066234 -0.0843271858738155 -0.0156479031609808 -0.0377929168345034 -0.0253687089000584 0.373639746619525 0.254156388363328 -0.0308521110463742 0.755523407613485 0.0807774772606391 -0.0521101104256634 -0.0455245475650118 -0.03420078046729 0.00549688630384627 0.29322747495826 0.0956910706888298 0.151790707596506 0.148591879417823 0.154666950001992 0.200890528134109 0.112461412247252 0.198436480764783 0.208224192180828 0.227857631425957
